catvalues <- c("1 bath","1 private bath","1.5 baths","1.5 shared baths","10 baths","2 baths","2.5 baths","3 baths","3.5 baths","4.5 baths","5.5 baths","6 baths","6.5 baths","Shared half-bath")
## Function for predicting class posterior probabilities of price
## Code produced by GUIDE 46.2 on 2/19/26 at 12:7
guide_predict <- function(){
catvalues <- c("1 bath","1 private bath","1.5 baths","1.5 shared baths","10 baths","2 baths","2.5 baths","3 baths","3.5 baths","4.5 baths","5.5 baths","6 baths","6.5 baths","Shared half-bath")
if(bathrooms_text %in% catvalues){
catvalues <- c("2 baths","2.5 baths","6 baths","6.5 baths")
if(bathrooms_text %in% catvalues){
catvalues <- c("Belmont Cragin","Clearing","Cumberland","Jefferson Park","Legends South","Marshall Square","Pangrati","Park Manor","Roseland","South Central Houston","West Chesterfield","West Englewood")
if(host_neighbourhood %in% catvalues){
nodeid <- 8
predclass <- "$549.00"
posterior <- c( 0.79984E-07, 0.79984E-07, 0.39992E-07, 0.39992E-07, 0.39992E-07, 0.39992E-07, 0.39992E-07, 0.39992E-07, 0.39992E-07, 0.39992E-07, 0.39992E-07, 0.39992E-07, 0.39992E-07, 0.11998E-06, 0.39992E-07, 0.39992E-07, 0.39992E-07, 0.39992E-07, 0.39992E-07, 0.11998E-06, 0.79984E-07, 0.39992E-07, 0.39992E-07, 0.39992E-07, 0.39992E-07, 0.79984E-07, 0.79984E-07, 0.39992E-07, 0.31994E-05, 0.99980E-06, 0.95981E-06, 0.12797E-05, 0.99980E-06, 0.12797E-05, 0.11998E-05, 0.95981E-06, 0.35993E-06, 0.12398E-05, 0.18396E-05, 0.58813E-01, 0.39992E-06, 0.43991E-06, 0.67986E-06, 0.14797E-05, 0.67986E-06, 0.71986E-06, 0.59988E-06, 0.11198E-05, 0.17996E-05, 0.95981E-06, 0.87982E-06, 0.87982E-06, 0.51990E-06, 0.18796E-05, 0.55989E-06, 0.79984E-06, 0.83983E-06, 0.11998E-05, 0.10398E-05, 0.63987E-06, 0.63987E-06, 0.39992E-06, 0.87982E-06, 0.13197E-05, 0.43991E-06, 0.59988E-06, 0.47990E-06, 0.63987E-06, 0.39992E-07, 0.11998E-05, 0.59988E-06, 0.87982E-06, 0.63987E-06, 0.55989E-06, 0.95981E-06, 0.55989E-06, 0.58812E-01, 0.43991E-06, 0.15597E-05, 0.39992E-07, 0.23595E-05, 0.63987E-06, 0.59988E-06, 0.71986E-06, 0.47990E-06, 0.95981E-06, 0.79984E-06, 0.55989E-06, 0.91982E-06, 0.67986E-06, 0.79984E-07, 0.11998E-05, 0.35993E-06, 0.31994E-06, 0.58812E-01, 0.91982E-06, 0.75985E-06, 0.39992E-06, 0.58812E-01, 0.55989E-06, 0.12797E-05, 0.79984E-07, 0.10398E-05, 0.71986E-06, 0.23995E-06, 0.27994E-06, 0.27994E-06, 0.15597E-05, 0.31994E-06, 0.23995E-06, 0.43991E-06, 0.58812E-01, 0.23995E-06, 0.83983E-06, 0.15997E-06, 0.47990E-06, 0.27994E-06, 0.23995E-06, 0.63987E-06, 0.27994E-06, 0.19996E-06, 0.19996E-06, 0.51990E-06, 0.15997E-06, 0.47990E-06, 0.27994E-06, 0.19996E-06, 0.35993E-06, 0.31994E-06, 0.58813E-01, 0.11998E-06, 0.23995E-06, 0.27994E-06, 0.95981E-06, 0.39992E-07, 0.39992E-07, 0.23995E-06, 0.20796E-05, 0.11998E-06, 0.35993E-06, 0.39992E-06, 0.23995E-06, 0.27994E-06, 0.43991E-06, 0.27994E-06, 0.15997E-06, 0.43991E-06, 0.59988E-06, 0.27994E-06, 0.27994E-06, 0.23995E-06, 0.55989E-06, 0.47990E-06, 0.27994E-06, 0.47990E-06, 0.11998E-06, 0.15997E-06, 0.19996E-06, 0.15997E-06, 0.75985E-06, 0.27994E-06, 0.19996E-06, 0.23995E-06, 0.27994E-06, 0.55989E-06, 0.27994E-06, 0.19996E-06, 0.35993E-06, 0.39992E-06, 0.83983E-06, 0.19996E-06, 0.79984E-07, 0.19996E-06, 0.79984E-07, 0.11998E-06, 0.79984E-07, 0.11998E-06, 0.79984E-07, 0.11998E-06, 0.15997E-06, 0.43991E-06, 0.15997E-06, 0.23995E-06, 0.15997E-06, 0.39992E-07, 0.19996E-06, 0.79984E-07, 0.11998E-06, 0.19996E-06, 0.11998E-06, 0.19996E-06, 0.83983E-06, 0.14397E-05, 0.39992E-07, 0.11998E-06, 0.15997E-06, 0.27994E-06, 0.31994E-06, 0.11998E-06, 0.79984E-07, 0.27994E-06, 0.23995E-06, 0.43991E-06, 0.31994E-06, 0.79984E-07, 0.11998E-06, 0.15997E-06, 0.11998E-06, 0.58812E-01, 0.15997E-06, 0.11998E-06, 0.79984E-07, 0.79984E-07, 0.67986E-06, 0.79984E-07, 0.11998E-06, 0.15997E-06, 0.79984E-07, 0.15997E-06, 0.35993E-06, 0.11998E-06, 0.79984E-07, 0.79984E-07, 0.11998E-06, 0.35993E-06, 0.79984E-07, 0.15997E-06, 0.79984E-07, 0.11998E-06, 0.79984E-07, 0.79984E-07, 0.15997E-06, 0.79984E-07, 0.79984E-07, 0.79984E-07, 0.99980E-06, 0.11998E-06, 0.39992E-07, 0.79984E-07, 0.79984E-07, 0.79984E-07, 0.23995E-06, 0.15997E-06, 0.15997E-06, 0.79984E-07, 0.39992E-06, 0.79984E-07, 0.39992E-07, 0.99980E-06, 0.67986E-06, 0.15997E-06, 0.39992E-07, 0.39992E-07, 0.39992E-07, 0.15997E-06, 0.11998E-06, 0.79984E-06, 0.39992E-07, 0.39992E-07, 0.79984E-07, 0.39992E-07, 0.15997E-06, 0.79984E-07, 0.15997E-06, 0.39992E-07, 0.19996E-06, 0.71986E-06, 0.15997E-06, 0.79984E-07, 0.15997E-06, 0.15997E-06, 0.39992E-07, 0.79984E-07, 0.15997E-06, 0.31994E-06, 0.87982E-06, 0.79984E-07, 0.79984E-07, 0.39992E-07, 0.11998E-06, 0.39992E-07, 0.79984E-07, 0.79984E-07, 0.79984E-07, 0.51990E-06, 0.39992E-07, 0.39992E-07, 0.27994E-06, 0.79984E-07, 0.79984E-07, 0.39992E-07, 0.39992E-07, 0.19996E-06, 0.13997E-05, 0.35993E-06, 0.39992E-07, 0.39992E-07, 0.79984E-07, 0.39992E-07, 0.11998E-06, 0.39992E-07, 0.87982E-06, 0.39992E-07, 0.39992E-07, 0.39992E-07, 0.39992E-07, 0.79984E-07, 0.39992E-07, 0.39992E-07, 0.39992E-07, 0.79984E-07, 0.58812E-01, 0.39992E-07, 0.11998E-06, 0.11998E-06, 0.79984E-07, 0.39992E-07, 0.12797E-05, 0.79984E-07, 0.11998E-06, 0.79984E-07, 0.39992E-07, 0.39992E-07, 0.39992E-07, 0.39992E-07, 0.39992E-07, 0.11998E-06, 0.10398E-05, 0.79984E-07, 0.39992E-07, 0.39992E-07, 0.19996E-06, 0.39992E-07, 0.39992E-07, 0.55989E-06, 0.39992E-07, 0.15197E-05, 0.35993E-06, 0.39992E-07, 0.79984E-07, 0.11998E-06, 0.79984E-07, 0.11998E-06, 0.19996E-06, 0.39992E-07, 0.79984E-07, 0.39992E-07, 0.79984E-07, 0.13197E-05, 0.39992E-07, 0.11998E-06, 0.39992E-07, 0.15997E-06, 0.11998E-06, 0.39992E-06, 0.39992E-07, 0.39992E-07, 0.79984E-07, 0.79984E-07, 0.63987E-06, 0.39992E-07, 0.39992E-07, 0.27994E-06, 0.27994E-06, 0.11998E-06, 0.17996E-05, 0.19996E-06, 0.39992E-07, 0.79984E-07, 0.59988E-06, 0.39992E-07, 0.39992E-07, 0.79984E-07, 0.39992E-07, 0.15997E-06, 0.11998E-06, 0.55989E-06, 0.39992E-07, 0.39992E-07, 0.39992E-07, 0.58812E-01, 0.39992E-07, 0.95981E-06, 0.39992E-07, 0.39992E-07, 0.79984E-07, 0.91982E-06, 0.15997E-06, 0.39992E-07, 0.39992E-07, 0.21996E-05, 0.23995E-06, 0.79984E-07, 0.39992E-07, 0.39992E-07, 0.43991E-06, 0.39992E-07, 0.79984E-07, 0.39992E-07, 0.58812E-01, 0.39992E-07, 0.22795E-05, 0.39992E-07, 0.79984E-07, 0.11998E-06, 0.39992E-07, 0.13197E-05, 0.39992E-07, 0.39992E-07, 0.39992E-07, 0.95981E-06, 0.39992E-07, 0.39992E-07, 0.39992E-07, 0.39992E-07, 0.39992E-07, 0.35287E+00, 0.26795E-05, 0.79984E-07, 0.39992E-07, 0.12398E-05, 0.11998E-06, 0.39992E-07, 0.39992E-07, 0.39992E-07, 0.71986E-06, 0.39992E-07, 0.39992E-07, 0.39992E-07, 0.39992E-07, 0.47990E-06, 0.39992E-07, 0.39992E-07, 0.39992E-07, 0.17197E-05, 0.39992E-07, 0.39992E-07, 0.39992E-07, 0.17596E-05, 0.39992E-07, 0.79984E-06, 0.39992E-07, 0.39992E-07, 0.79984E-07, 0.71986E-06, 0.39992E-07, 0.51990E-06, 0.39992E-07, 0.39992E-07, 0.63987E-06, 0.39992E-07, 0.11998E-06, 0.18796E-05, 0.15997E-06, 0.79984E-07, 0.75985E-06, 0.39992E-07, 0.39992E-07, 0.39992E-07, 0.27994E-06, 0.39992E-07, 0.11998E-05, 0.39992E-07, 0.39992E-07, 0.12398E-05, 0.39992E-07, 0.79984E-07, 0.17596E-05, 0.39992E-07, 0.39992E-07, 0.79984E-07, 0.91982E-06, 0.39992E-07, 0.39992E-07, 0.39992E-06, 0.99980E-06, 0.79984E-06, 0.39992E-07, 0.39992E-07, 0.23195E-05, 0.79984E-07, 0.39992E-07, 0.39992E-07, 0.63987E-06, 0.39992E-07, 0.15997E-06, 0.39992E-07, 0.39992E-07, 0.87982E-06, 0.39992E-07, 0.79984E-07, 0.12398E-05, 0.79984E-07, 0.39992E-07, 0.39992E-07, 0.39992E-07, 0.13197E-05, 0.39992E-07, 0.39992E-07, 0.39992E-07, 0.21996E-05, 0.11998E-06, 0.83983E-06, 0.99980E-06, 0.39992E-07, 0.39992E-07, 0.79984E-06, 0.39992E-07, 0.91982E-06, 0.17596E-05, 0.39992E-07, 0.83983E-06, 0.55989E-06, 0.39992E-07, 0.58813E-01, 0.23995E-06, 0.13997E-05, 0.39992E-07, 0.18796E-05, 0.11998E-06, 0.99980E-06, 0.39992E-07, 0.39992E-07, 0.75985E-06, 0.39992E-07, 0.67986E-06, 0.10398E-05, 0.39992E-07, 0.14397E-05, 0.12398E-05, 0.39992E-07, 0.67986E-06, 0.39992E-07, 0.11998E-05, 0.39992E-07, 0.79984E-07, 0.39992E-07, 0.39992E-07, 0.39992E-07, 0.17197E-05, 0.15997E-06)
} else {
predict.r
Rscript predict.r
gwd
gwd()
getwd()
predict()
source("predict.r")
source("predict.r")
